1000 4974
1 2 2
1 468 4
1 490 10
1 721 9
2 3 1
2 440 6
2 219 8
2 848 9
3 4 5
3 596 8
3 241 2
4 5 4
4 837 10
4 528 8
4 232 8
5 6 4
5 722 4
5 39 9
5 321 4
5 319 1
5 429 4
6 7 3
6 827 8
7 8 2
7 360 3
7 783 9
7 955 7
7 91 5
8 9 9
8 210 5
8 642 2
8 385 4
8 620 8
8 184 2
9 10 2
9 580 1
9 821 5
9 597 9
10 11 10
10 306 10
10 873 3
10 826 7
10 307 5
11 12 7
11 101 5
11 679 4
11 450 9
11 561 2
12 13 1
12 458 4
12 56 9
12 74 1
12 798 8
13 14 1
13 299 7
13 911 6
13 725 3
13 64 4
13 849 4
13 296 8
13 422 2
13 772 4
14 15 2
14 56 4
14 141 9
15 16 4
15 352 2
16 17 4
16 367 4
16 172 5
17 18 9
17 332 5
17 549 10
17 766 2
17 208 9
18 19 10
18 543 5
18 294 7
19 20 1
19 371 5
19 693 1
19 356 6
20 21 9
20 471 2
20 263 4
20 452 6
20 234 4
20 914 1
20 549 10
20 670 10
21 22 4
21 400 8
21 327 5
21 886 1
21 353 2
22 23 9
22 706 7
23 24 7
23 741 5
23 152 10
23 250 1
23 791 5
24 25 4
24 93 7
24 775 8
24 870 6
24 86 9
25 26 8
25 122 2
26 27 10
26 184 8
26 819 8
26 316 10
27 28 5
27 370 9
27 56 9
27 190 10
27 704 2
28 29 1
28 976 8
28 811 1
29 30 3
29 292 1
30 31 7
30 756 10
30 178 4
30 884 3
30 984 4
31 32 6
31 392 7
32 33 5
33 34 3
33 294 7
33 895 2
33 727 7
33 131 1
34 35 4
34 282 4
34 896 5
34 419 1
34 304 7
35 36 6
35 458 10
35 537 1
35 756 8
35 376 10
35 198 10
35 436 9
36 37 2
36 130 2
36 680 6
36 725 6
37 38 2
37 633 2
37 755 10
37 172 5
37 144 1
38 39 7
38 988 9
38 260 5
38 810 6
38 149 1
38 348 1
38 754 3
39 40 2
39 93 1
39 5 4
39 742 7
39 709 3
40 41 6
40 141 8
40 47 6
40 615 9
41 42 6
41 895 2
41 221 7
41 562 8
41 665 6
41 254 9
42 43 10
42 221 6
42 387 5
42 137 2
42 46 9
42 634 6
43 44 5
43 908 5
43 127 10
43 795 7
44 45 1
44 745 6
44 298 2
44 942 4
44 965 8
44 130 2
44 993 8
45 46 8
45 304 4
46 47 9
46 361 9
46 42 8
47 48 2
47 969 1
47 972 10
47 40 3
47 75 6
47 424 4
47 844 5
47 249 3
48 49 7
48 333 1
48 278 5
48 102 8
48 484 6
48 452 5
48 911 9
49 50 2
49 508 7
50 51 9
50 396 8
50 639 1
50 754 7
51 52 5
51 764 7
51 156 1
51 376 4
52 53 10
52 806 6
52 298 7
52 249 4
52 468 4
52 690 7
52 455 1
53 54 6
53 411 9
53 793 10
54 55 10
54 130 7
54 809 6
54 909 2
55 56 4
55 425 9
55 635 1
55 149 4
55 477 1
55 926 6
55 199 2
55 168 6
56 57 2
56 662 8
56 370 1
56 12 3
56 14 5
56 539 7
56 27 7
56 942 3
56 393 7
56 912 7
57 58 1
57 829 3
57 512 10
57 648 2
58 59 4
58 361 9
58 151 5
59 60 5
59 378 5
59 922 7
59 95 4
60 61 2
60 573 8
60 937 7
60 858 1
60 650 8
60 150 6
61 62 4
62 63 2
62 570 9
62 341 5
63 64 7
63 571 10
63 567 9
63 645 8
64 65 5
64 684 2
64 849 9
64 13 3
64 379 9
64 796 7
65 66 8
65 114 8
65 734 8
65 399 5
65 382 6
65 194 4
66 67 6
66 718 1
66 270 10
66 345 5
66 98 9
67 68 3
67 727 9
67 203 8
68 69 6
68 349 4
68 956 10
69 70 6
69 212 10
69 308 1
69 688 2
69 994 6
70 71 4
70 451 8
70 602 5
70 806 9
70 810 5
71 72 5
71 850 9
71 544 10
71 165 3
72 73 2
73 74 10
73 736 4
73 75 5
74 75 3
74 249 7
74 12 3
75 76 9
75 465 3
75 47 7
75 984 7
75 367 9
75 73 10
76 77 4
76 453 6
76 921 2
76 129 6
76 396 9
76 463 5
76 351 3
76 90 3
76 483 10
77 78 3
77 481 5
77 607 10
77 741 2
77 770 8
78 79 8
79 80 7
79 518 5
80 81 5
80 940 10
80 764 6
80 752 8
81 82 9
81 180 7
81 406 5
81 441 10
81 867 4
81 524 4
81 307 1
81 943 10
81 911 10
81 799 1
82 83 4
82 336 5
83 84 6
83 385 3
83 864 3
83 401 3
84 85 1
84 691 8
84 342 3
84 862 5
85 86 4
85 172 1
85 527 3
85 345 10
86 87 1
86 292 5
86 784 5
86 24 8
87 88 6
87 611 3
87 798 4
87 605 6
87 352 10
87 907 8
88 89 7
88 791 10
88 970 4
88 269 9
88 537 7
89 90 5
89 251 2
89 567 8
89 289 8
89 283 7
89 509 4
89 877 10
89 422 9
89 148 4
90 91 2
90 136 7
90 287 7
90 302 10
90 76 1
90 748 7
90 943 2
90 893 8
91 92 4
91 878 8
91 446 5
91 191 4
91 7 7
92 93 10
92 662 8
92 671 6
92 790 3
93 94 6
93 765 2
93 810 7
93 24 9
93 39 4
93 407 6
93 942 5
93 239 1
93 228 7
93 257 6
93 664 8
94 95 4
94 852 2
94 501 8
94 110 5
94 729 4
94 512 6
95 96 8
95 927 6
95 358 4
95 936 9
95 59 10
95 335 1
96 97 7
96 547 3
96 416 7
96 787 5
96 135 2
97 98 8
97 338 7
97 159 8
98 99 3
98 686 3
98 518 3
98 66 8
99 100 5
99 443 3
99 941 3
99 244 7
99 182 8
100 101 3
100 999 6
100 449 8
100 205 4
100 117 1
100 842 8
100 940 9
101 102 4
101 478 6
101 448 4
101 11 4
101 234 7
102 103 9
102 671 10
102 703 6
102 954 3
102 48 1
102 408 1
103 104 9
103 254 4
104 105 5
104 601 5
104 385 10
104 340 4
104 334 6
105 106 10
105 819 9
105 474 2
105 212 9
106 107 7
106 150 5
106 831 6
106 418 2
106 321 6
106 133 9
106 414 7
107 108 10
107 361 9
107 427 10
107 856 9
107 702 8
107 759 1
108 109 7
108 303 7
109 110 6
109 117 8
110 111 4
110 951 6
110 94 1
110 139 5
110 536 7
110 573 2
110 811 8
110 918 8
111 112 3
111 703 8
111 868 9
111 678 1
111 776 7
111 886 5
112 113 9
112 608 9
112 160 2
112 565 10
112 463 8
112 586 9
112 613 7
113 114 8
113 882 5
114 115 2
114 441 10
114 434 4
114 65 10
114 793 6
114 929 8
114 918 5
114 393 6
115 116 1
116 117 2
116 524 2
116 396 8
116 688 7
116 758 1
116 487 8
116 706 1
117 118 3
117 764 2
117 984 3
117 955 10
117 269 8
117 357 6
117 804 2
117 100 4
117 724 8
117 703 6
117 109 10
118 119 3
118 377 10
118 415 1
119 120 7
119 505 4
119 852 3
119 707 8
119 757 1
119 528 4
120 121 10
120 697 4
120 265 2
120 610 6
120 244 6
121 122 2
121 269 5
121 245 5
121 887 4
121 872 1
121 771 8
121 688 3
121 197 2
122 123 7
122 324 1
122 690 1
122 25 8
122 217 9
123 124 7
123 336 8
123 382 1
123 873 3
123 406 4
123 784 5
124 125 10
124 549 6
124 953 7
124 1000 10
124 281 3
125 126 8
125 309 4
125 588 9
125 581 9
125 943 1
126 127 9
126 205 2
126 534 8
127 128 5
127 390 5
127 43 1
128 129 9
128 280 7
128 952 3
129 130 1
129 806 10
129 76 2
129 641 5
129 276 1
130 131 2
130 54 9
130 36 4
130 381 2
130 44 7
130 709 3
130 589 5
131 132 9
131 746 4
131 521 2
131 33 10
132 133 5
132 900 9
132 759 5
133 134 6
133 610 2
133 630 7
133 106 7
133 950 10
134 135 2
134 676 9
135 136 5
135 96 8
136 137 7
136 90 3
136 608 4
136 711 2
136 397 10
136 934 10
136 713 1
136 631 5
136 368 5
136 920 5
137 138 3
137 42 10
138 139 8
138 442 6
138 398 4
138 476 9
138 436 8
138 512 9
138 742 1
139 140 1
139 788 6
139 110 1
139 800 9
139 993 9
139 912 5
140 141 5
140 497 7
140 331 7
140 297 2
140 999 3
140 288 8
141 142 9
141 786 5
141 232 2
141 40 5
141 543 6
141 392 3
141 206 6
141 168 4
141 330 4
141 14 5
142 143 3
143 144 9
143 812 8
143 174 5
143 649 5
143 695 9
143 856 10
144 145 2
144 738 9
144 192 6
144 771 2
144 37 4
145 146 5
146 147 9
146 759 1
146 592 5
147 148 10
147 870 10
148 149 4
148 740 3
148 774 10
148 554 7
148 89 5
149 150 3
149 55 1
149 844 10
149 38 10
149 269 7
150 151 6
150 106 4
150 760 5
150 256 4
150 639 1
150 60 8
151 152 3
151 58 3
152 153 9
152 793 1
152 623 3
152 23 3
152 190 6
152 362 5
152 382 8
152 734 7
153 154 9
153 621 9
153 419 7
153 973 2
153 993 1
153 677 9
153 669 1
154 155 1
154 943 1
154 425 10
154 193 4
155 156 10
155 981 1
155 725 4
155 354 1
155 771 2
155 509 9
156 157 6
156 423 4
156 51 9
157 158 8
157 977 2
157 531 3
157 490 10
157 285 2
157 580 10
158 159 1
158 620 6
158 275 3
158 951 6
158 195 6
159 160 2
159 218 4
159 97 1
159 224 4
160 161 6
160 112 3
160 365 5
160 633 7
160 311 1
160 494 9
161 162 5
161 547 4
161 809 10
162 163 4
162 773 10
162 377 2
162 192 10
162 940 2
162 281 2
162 181 8
163 164 1
163 896 5
163 783 2
163 645 1
163 562 7
164 165 4
164 782 9
164 315 9
164 457 10
164 181 1
165 166 10
165 750 2
165 189 4
165 399 1
165 71 9
166 167 2
166 331 4
166 352 4
166 264 5
167 168 2
167 403 10
167 339 5
167 307 4
167 875 10
167 890 3
167 999 5
168 169 8
168 509 6
168 141 4
168 55 5
169 170 2
169 336 9
169 919 3
169 450 4
169 283 2
170 171 9
170 631 3
170 701 3
170 236 2
171 172 3
171 711 5
171 569 5
171 993 8
171 216 2
171 812 3
171 433 5
171 980 3
172 173 3
172 446 5
172 85 10
172 328 6
172 972 4
172 189 1
172 16 10
172 37 10
172 476 7
173 174 8
173 472 3
173 296 10
173 552 5
173 947 10
173 714 6
174 175 9
174 143 5
174 517 6
174 691 1
174 359 10
174 587 1
175 176 3
175 492 10
175 654 5
175 262 5
175 626 2
176 177 5
176 821 10
176 675 10
176 720 8
176 251 5
177 178 9
177 463 2
177 633 10
177 648 1
178 179 10
178 617 3
178 30 4
178 749 3
178 986 2
178 500 10
178 679 3
178 608 2
179 180 7
179 529 3
179 725 9
179 833 5
179 619 3
180 181 4
180 81 10
180 206 3
180 626 7
180 835 5
180 268 9
180 664 9
180 997 3
180 425 8
181 182 9
181 568 1
181 164 1
181 162 1
182 183 4
182 975 8
182 735 1
182 747 1
182 457 10
182 460 3
182 99 10
183 184 5
183 551 7
183 427 5
183 452 2
183 661 8
183 397 6
184 185 7
184 952 6
184 229 9
184 380 9
184 26 10
184 402 10
184 8 10
184 504 4
185 186 6
185 280 5
185 974 4
185 945 7
185 586 3
185 828 4
185 639 9
186 187 8
186 852 10
186 301 2
186 688 10
186 642 3
186 819 9
187 188 9
187 787 3
187 617 6
188 189 8
188 383 3
188 276 8
188 503 5
189 190 2
189 773 9
189 939 9
189 165 10
189 511 7
189 172 3
189 379 9
190 191 4
190 27 10
190 152 1
191 192 4
191 736 6
191 443 7
191 656 7
191 996 2
191 91 9
191 853 7
192 193 2
192 144 8
192 457 1
192 162 6
192 581 6
193 194 6
193 154 9
193 769 7
193 423 3
193 504 1
193 798 3
193 569 7
193 852 10
194 195 1
194 960 2
194 766 7
194 264 1
194 383 9
194 65 1
195 196 10
195 652 5
195 960 8
195 836 4
195 198 9
195 158 8
196 197 9
196 677 7
197 198 4
197 496 5
197 247 9
197 498 1
197 121 9
198 199 10
198 195 4
198 35 1
199 200 4
199 523 6
199 55 3
199 527 2
200 201 1
200 372 9
200 911 2
200 293 10
200 789 6
200 657 9
200 404 6
201 202 2
201 338 4
201 458 6
202 203 1
203 204 4
203 844 7
203 67 3
203 744 10
204 205 2
204 624 4
205 206 1
205 837 3
205 126 3
205 667 6
205 430 4
205 100 1
205 755 4
205 891 4
206 207 6
206 180 9
206 378 10
206 141 7
206 215 10
206 531 1
206 809 10
206 329 5
206 951 7
207 208 2
207 301 4
207 826 3
207 656 5
208 209 9
208 587 9
208 967 10
208 17 9
208 855 4
208 984 10
208 824 6
209 210 4
209 349 10
209 339 2
209 937 6
209 560 9
210 211 5
210 8 4
210 776 3
211 212 8
211 531 10
211 543 4
211 742 1
212 213 4
212 69 2
212 834 10
212 685 6
212 669 3
212 105 6
213 214 9
213 532 6
213 985 3
214 215 3
214 682 7
215 216 10
215 281 10
215 206 5
215 758 9
215 713 1
216 217 10
216 667 7
216 605 3
216 691 10
216 171 7
217 218 8
217 936 7
217 752 1
217 122 8
218 219 4
218 679 1
218 159 8
219 220 8
219 2 2
220 221 7
220 627 5
220 363 5
220 521 7
221 222 4
221 41 1
221 42 3
221 834 5
222 223 2
222 601 6
222 460 10
222 951 10
222 883 8
223 224 2
223 491 4
223 881 2
223 506 7
223 244 8
223 837 3
224 225 7
224 560 2
224 301 9
224 159 9
225 226 6
225 617 9
225 743 5
225 476 4
226 227 7
226 405 10
226 980 3
226 270 2
226 908 5
226 862 6
227 228 7
227 969 10
227 342 3
227 630 3
227 424 5
227 655 10
227 878 4
228 229 8
228 380 2
228 408 3
228 308 6
228 93 5
228 801 5
229 230 1
229 184 1
229 763 5
229 520 7
229 402 5
230 231 2
230 384 6
230 521 4
230 979 6
231 232 1
232 233 7
232 827 7
232 141 3
232 711 6
232 364 7
232 4 7
233 234 6
233 825 2
234 235 2
234 739 1
234 365 9
234 20 3
234 101 4
235 236 4
235 393 2
235 440 7
235 703 5
235 317 5
236 237 4
236 170 9
236 798 2
237 238 4
237 660 5
237 612 9
237 743 7
237 611 4
238 239 9
238 817 7
238 944 7
238 971 4
239 240 8
239 654 2
239 555 6
239 785 5
239 93 3
239 325 9
239 263 5
240 241 3
240 877 7
240 692 1
240 450 4
241 242 7
241 3 1
241 746 2
241 443 10
242 243 3
242 383 2
242 824 7
242 649 7
243 244 5
243 391 10
243 310 3
243 607 6
243 270 8
244 245 8
244 99 1
244 524 5
244 223 10
244 120 1
245 246 4
245 715 7
245 547 8
245 121 2
245 671 1
245 329 2
245 424 4
245 422 10
245 343 2
246 247 2
246 641 10
247 248 8
247 585 7
247 354 10
247 870 4
247 197 10
247 339 5
247 577 9
247 428 3
247 508 9
248 249 9
248 736 3
248 478 2
248 382 8
249 250 2
249 52 9
249 937 4
249 74 5
249 47 1
250 251 1
250 714 4
250 982 1
250 23 3
251 252 9
251 544 7
251 825 7
251 759 1
251 89 7
251 176 2
252 253 1
252 899 9
253 254 2
253 818 2
253 909 7
254 255 4
254 725 8
254 461 2
254 103 5
254 41 5
255 256 3
255 429 6
255 788 3
255 330 6
255 295 2
256 257 7
256 150 6
256 710 2
257 258 8
257 554 2
257 894 8
257 700 1
257 711 8
257 576 10
257 93 3
258 259 8
258 967 4
258 814 2
258 386 4
258 446 10
259 260 4
259 291 3
259 835 6
259 675 3
259 471 8
259 855 2
260 261 7
260 38 4
260 496 10
260 784 8
261 262 1
261 626 4
262 263 3
262 683 1
262 175 1
263 264 7
263 20 3
263 806 2
263 554 5
263 239 2
264 265 1
264 936 8
264 194 1
264 980 10
264 879 2
264 166 2
265 266 7
265 120 7
265 890 2
266 267 5
266 601 1
266 883 9
266 733 1
266 866 10
267 268 8
267 840 3
267 600 5
267 565 9
267 809 8
268 269 5
268 393 4
268 670 6
268 369 9
268 299 7
268 876 9
268 180 7
268 802 4
269 270 7
269 121 8
269 117 9
269 88 7
269 149 9
269 308 8
270 271 9
270 66 2
270 243 5
270 226 7
271 272 8
271 550 2
271 393 8
271 476 1
271 570 3
271 379 4
271 658 1
272 273 3
272 486 10
272 677 5
272 894 4
273 274 4
273 795 7
273 542 1
274 275 5
274 821 2
274 772 5
274 769 3
274 621 10
274 277 5
275 276 4
275 387 10
275 158 7
275 505 3
275 794 9
275 331 5
275 900 2
276 277 1
276 858 1
276 747 7
276 668 7
276 188 4
276 129 8
276 421 9
277 278 10
277 398 1
277 638 10
277 274 2
277 999 6
278 279 9
278 48 2
278 846 2
278 656 8
278 702 6
279 280 1
279 713 2
279 464 2
279 958 8
280 281 6
280 185 6
280 128 6
280 480 2
280 650 8
281 282 1
281 378 8
281 215 3
281 162 1
281 124 7
282 283 1
282 640 10
282 446 2
282 34 9
283 284 10
283 408 2
283 413 3
283 89 6
283 832 1
283 169 3
284 285 8
284 880 3
284 888 3
284 661 2
284 883 5
284 546 6
284 945 6
285 286 9
285 157 5
286 287 9
286 771 2
287 288 3
287 729 1
287 457 3
287 90 3
287 972 3
288 289 1
288 386 6
288 864 8
288 659 3
288 140 2
289 290 9
289 507 10
289 89 7
290 291 2
290 744 5
290 887 6
290 628 7
291 292 3
291 259 10
291 909 8
292 293 2
292 626 4
292 86 3
292 798 1
292 29 7
292 635 2
292 800 6
292 611 1
293 294 10
293 550 1
293 662 1
293 899 7
293 200 1
294 295 2
294 33 3
294 18 9
294 519 7
294 475 3
294 481 9
294 497 2
295 296 4
295 923 3
295 992 5
295 255 7
296 297 7
296 790 8
296 173 8
296 13 7
297 298 2
297 516 10
297 587 5
297 140 8
297 918 3
297 299 9
298 299 10
298 913 5
298 52 10
298 44 5
298 726 1
299 300 4
299 13 7
299 268 6
299 451 7
299 400 10
299 297 2
300 301 10
300 483 3
300 922 10
301 302 10
301 207 1
301 559 2
301 186 8
301 224 10
302 303 1
302 544 9
302 90 8
302 349 2
302 556 8
302 479 2
303 304 10
303 589 1
303 932 7
303 865 2
303 810 4
303 108 2
303 663 7
303 461 9
304 305 2
304 45 6
304 34 5
305 306 7
306 307 10
306 572 5
306 10 10
306 701 2
306 424 1
306 654 6
307 308 10
307 655 7
307 167 10
307 496 2
307 81 7
307 10 7
307 579 6
307 584 5
308 309 9
308 329 10
308 69 2
308 998 8
308 520 9
308 228 4
308 269 2
309 310 6
309 125 1
309 488 9
310 311 5
310 243 9
310 694 9
310 641 9
310 538 2
311 312 4
311 647 10
311 980 1
311 160 1
311 454 5
312 313 6
312 804 4
312 855 4
313 314 4
313 537 1
313 686 8
314 315 5
314 603 2
315 316 7
315 164 7
316 317 8
316 598 10
316 463 5
316 375 7
316 979 7
316 26 7
317 318 5
317 408 8
317 683 3
317 556 8
317 235 4
317 706 9
317 316 5
318 319 8
318 473 8
318 467 8
319 320 6
319 727 9
319 5 10
320 321 2
320 379 10
320 352 8
320 805 8
320 365 4
321 322 1
321 438 6
321 883 6
321 106 5
321 5 4
321 738 10
322 323 8
322 666 5
322 980 3
322 491 7
322 671 9
322 363 4
323 324 10
323 811 3
323 505 10
323 925 6
324 325 10
324 884 3
324 122 8
324 444 7
324 828 3
324 820 6
324 706 1
324 738 5
324 695 1
325 326 2
325 978 9
325 492 6
325 669 5
325 239 6
326 327 2
326 763 8
326 498 8
326 860 3
326 641 7
327 328 9
327 592 10
327 992 8
327 612 4
327 21 2
327 784 7
327 563 3
328 329 4
328 172 2
328 677 1
328 951 1
329 330 9
329 308 4
329 245 9
329 206 4
330 331 5
330 620 8
330 795 5
330 255 7
330 904 7
330 657 2
330 141 1
331 332 3
331 885 6
331 166 6
331 275 6
331 140 3
331 894 6
332 333 6
332 17 3
332 489 1
332 750 8
332 702 10
333 334 2
333 48 5
333 730 10
334 335 4
334 375 8
334 878 5
334 104 10
334 430 4
335 336 6
335 550 10
335 95 10
336 337 5
336 123 1
336 82 5
336 954 10
336 528 7
336 169 8
336 795 2
336 507 1
336 445 10
337 338 3
337 873 7
337 367 8
338 339 8
338 576 7
338 97 9
338 201 7
338 460 9
338 717 10
339 340 9
339 424 2
339 167 8
339 209 8
339 574 7
339 247 1
339 478 3
339 975 3
339 854 6
340 341 5
340 690 2
340 394 3
340 104 4
340 680 6
340 702 2
340 752 6
340 663 5
341 342 10
341 566 9
341 500 6
341 62 5
342 343 9
342 227 2
342 84 10
342 502 7
342 699 5
343 344 1
343 441 10
343 763 6
343 245 9
344 345 9
344 974 7
344 935 3
344 918 7
345 346 5
345 678 3
345 608 9
345 66 6
345 85 8
346 347 2
346 863 10
346 537 3
347 348 3
348 349 5
348 848 8
348 998 3
348 814 6
348 385 9
348 38 6
349 350 2
349 209 3
349 620 10
349 302 9
349 68 10
349 944 3
350 351 2
350 364 5
350 919 7
351 352 9
351 76 7
351 924 8
351 835 2
351 807 4
352 353 3
352 320 4
352 713 7
352 166 6
352 15 5
352 87 3
353 354 5
353 685 7
353 793 7
353 21 7
353 609 1
354 355 5
354 247 2
354 155 8
354 704 3
354 360 5
355 356 10
355 947 8
355 472 5
355 680 7
355 685 4
356 357 4
356 404 3
356 931 9
356 19 6
356 486 8
357 358 6
357 117 8
357 883 2
357 356 5
357 901 7
357 375 6
357 787 10
358 359 4
358 95 4
359 360 5
359 939 7
359 565 3
359 604 10
359 174 8
359 574 4
360 361 9
360 7 3
360 546 5
360 740 4
360 889 10
360 354 8
361 362 8
361 107 10
361 58 2
361 46 6
361 780 8
362 363 5
362 598 1
362 416 8
362 920 5
362 152 8
363 364 1
363 895 7
363 693 5
363 568 2
363 220 3
363 322 10
364 365 2
364 350 9
364 232 3
365 366 7
365 234 7
365 160 3
365 661 3
365 320 6
366 367 5
366 883 1
366 806 10
367 368 1
367 16 10
367 337 10
367 75 6
368 369 1
368 384 7
368 794 5
368 962 4
368 136 4
369 370 6
369 268 8
369 456 2
369 821 6
369 861 6
369 574 9
369 985 8
370 371 3
370 999 9
370 27 10
370 671 2
370 56 7
371 372 5
371 19 6
371 419 3
371 634 9
372 373 3
372 200 5
373 374 8
373 382 5
373 846 1
373 935 3
373 661 4
374 375 9
374 750 3
374 693 4
375 376 7
375 334 4
375 560 3
375 579 5
375 316 5
375 357 4
376 377 9
376 465 1
376 51 10
376 911 10
376 35 1
377 378 1
377 118 5
377 162 5
377 820 2
378 379 2
378 689 5
378 59 2
378 479 9
378 206 5
378 476 8
378 281 9
378 920 7
379 380 2
379 320 6
379 271 1
379 64 1
379 189 4
380 381 3
380 465 7
380 707 8
380 868 9
380 907 7
380 431 9
380 184 9
380 228 10
381 382 9
381 896 2
381 455 2
381 681 3
381 130 5
381 866 7
381 995 5
382 383 1
382 373 7
382 123 9
382 919 6
382 248 10
382 65 8
382 152 9
382 396 5
382 798 8
383 384 6
383 242 7
383 426 9
383 188 9
383 749 6
383 535 1
383 194 7
383 702 2
383 525 10
384 385 10
384 368 3
384 230 1
384 457 8
384 804 1
385 386 9
385 83 9
385 463 2
385 104 8
385 8 6
385 785 9
385 348 3
385 673 10
386 387 3
386 573 3
386 612 3
386 288 7
386 258 9
386 797 3
387 388 7
387 275 10
387 809 8
387 42 7
388 389 3
388 903 9
388 670 10
388 395 3
389 390 1
389 545 4
389 626 10
389 752 3
389 700 7
390 391 5
390 546 4
390 824 6
390 127 9
390 521 2
390 564 3
391 392 6
391 243 6
391 843 6
391 949 7
391 938 2
391 877 3
391 446 9
392 393 1
392 913 7
392 141 3
392 31 3
392 801 6
393 394 6
393 973 10
393 268 8
393 589 3
393 235 2
393 271 10
393 56 2
393 114 8
394 395 4
394 874 8
394 340 2
394 748 7
395 396 4
395 856 7
395 388 2
395 790 8
395 915 6
396 397 2
396 680 3
396 76 8
396 116 4
396 50 7
396 382 1
397 398 6
397 651 5
397 136 7
397 674 10
397 839 9
397 900 9
397 873 8
397 529 1
397 731 9
397 183 3
398 399 9
398 138 5
398 626 7
398 429 10
398 277 3
398 570 7
398 418 7
398 481 8
398 677 5
399 400 7
399 758 6
399 165 2
399 65 9
400 401 10
400 21 1
400 299 10
400 681 3
401 402 3
401 872 10
401 765 5
401 83 5
402 403 4
402 229 10
402 184 10
403 404 3
403 167 5
403 424 6
404 405 3
404 611 9
404 356 8
404 806 3
404 200 8
405 406 7
405 226 1
405 918 3
405 842 1
405 686 10
405 448 3
405 668 10
406 407 1
406 81 6
406 972 10
406 641 5
406 526 1
406 911 6
406 123 1
406 753 1
406 742 10
407 408 3
407 883 1
407 857 3
407 938 4
407 815 6
407 993 6
407 651 2
407 599 2
407 93 9
407 697 7
407 983 1
408 409 6
408 283 4
408 528 8
408 317 9
408 804 8
408 987 6
408 228 10
408 102 3
409 410 7
409 999 6
410 411 5
410 911 7
410 585 4
411 412 5
411 53 10
411 977 8
411 410 8
411 875 8
412 413 3
412 522 1
412 517 6
413 414 2
413 783 1
413 528 5
413 283 10
413 837 4
414 415 7
414 440 8
414 106 1
414 953 1
414 868 3
414 447 9
415 416 1
415 118 6
415 975 9
416 417 8
416 983 10
416 96 7
416 362 6
417 418 4
418 419 4
418 962 5
418 106 1
418 398 8
419 420 8
419 665 3
419 794 6
419 153 5
419 702 8
419 371 2
419 34 5
420 421 6
420 714 9
420 721 3
420 465 2
421 422 5
421 788 7
421 851 3
421 276 10
422 423 4
422 942 8
422 13 9
422 245 3
422 89 8
422 593 6
423 424 4
423 156 7
423 617 9
423 928 9
423 193 2
423 974 4
423 771 4
424 425 6
424 339 8
424 227 5
424 47 10
424 306 3
424 403 8
424 540 4
424 245 10
425 426 4
425 453 4
425 55 7
425 154 3
425 831 6
425 424 1
425 180 9
426 427 7
426 748 2
426 451 8
426 383 8
426 526 10
426 557 9
427 428 6
427 992 9
427 107 8
427 183 3
427 993 9
428 429 5
428 904 3
428 738 3
428 247 10
428 861 5
429 430 2
429 255 3
429 398 3
429 989 9
429 929 7
429 851 2
429 624 4
429 5 9
429 470 6
430 431 5
430 465 6
430 655 10
430 205 9
430 701 10
430 718 6
430 334 6
430 652 6
431 432 6
431 678 2
431 380 1
432 433 9
433 434 7
433 171 10
434 435 9
434 114 5
434 719 7
434 917 7
434 697 1
435 436 6
435 678 10
435 566 8
436 437 1
436 138 5
436 35 7
437 438 2
437 668 10
437 994 5
438 439 5
438 321 5
438 777 2
438 624 6
439 440 3
439 748 4
440 441 10
440 590 7
440 2 10
440 992 8
440 672 2
440 827 9
440 414 7
440 235 8
441 442 5
441 620 2
441 463 4
441 114 5
441 765 3
441 81 3
441 343 3
441 931 3
442 443 1
442 138 5
442 966 3
442 804 7
443 444 2
443 99 6
443 191 10
443 241 7
444 445 10
444 678 4
444 324 1
445 446 7
445 866 10
445 912 1
445 793 3
445 336 4
446 447 6
446 282 1
446 172 7
446 679 3
446 700 3
446 91 2
446 537 9
446 391 4
446 258 6
447 448 6
447 604 7
447 414 2
448 449 7
448 865 2
448 851 4
448 101 2
448 716 1
448 405 4
449 450 10
449 739 7
449 817 5
449 100 6
450 451 9
450 240 9
450 11 4
450 169 10
451 452 2
451 70 8
451 426 8
451 477 5
451 299 5
451 677 4
452 453 7
452 808 10
452 20 7
452 48 2
452 183 8
453 454 10
453 76 10
453 425 5
454 455 4
454 642 3
454 311 3
454 823 3
455 456 5
455 707 8
455 381 10
455 471 8
455 52 3
456 457 1
456 974 4
456 369 5
456 697 1
456 909 10
456 739 10
456 469 5
457 458 7
457 618 7
457 384 7
457 287 1
457 192 5
457 182 8
457 164 3
457 796 8
458 459 1
458 552 8
458 539 6
458 35 1
458 12 5
458 802 3
458 201 4
458 675 3
459 460 9
460 461 9
460 797 6
460 631 1
460 571 9
460 182 2
460 222 8
460 338 3
461 462 4
461 928 9
461 478 6
461 254 3
461 607 7
461 303 5
461 483 1
462 463 6
462 837 1
463 464 7
463 441 7
463 177 8
463 385 2
463 316 8
463 76 1
463 112 1
463 850 5
464 465 2
464 279 4
464 825 3
464 834 10
464 633 10
465 466 6
465 380 9
465 430 3
465 75 1
465 627 10
465 376 9
465 420 8
465 500 1
466 467 10
466 657 9
466 974 8
466 865 9
466 1000 3
467 468 6
467 956 6
467 518 1
467 509 6
467 746 9
467 318 8
468 469 2
468 866 5
468 1 7
468 52 6
469 470 5
469 990 1
469 845 4
469 738 4
469 456 10
470 471 9
470 659 1
470 940 1
470 691 2
470 429 3
471 472 5
471 20 6
471 259 4
471 455 10
471 735 6
471 862 4
472 473 7
472 355 3
472 173 6
473 474 6
473 654 5
473 318 1
473 788 5
473 867 3
473 546 10
474 475 7
474 105 3
474 858 1
475 476 5
475 294 3
475 714 1
475 850 8
475 611 9
476 477 9
476 378 10
476 271 2
476 138 9
476 172 8
476 225 5
477 478 3
477 451 4
477 55 2
477 530 2
478 479 4
478 461 7
478 248 5
478 547 6
478 101 8
478 339 1
479 480 7
479 378 3
479 511 5
479 302 8
480 481 7
480 987 2
480 280 4
481 482 3
481 77 6
481 870 3
481 398 1
481 294 1
482 483 10
482 557 4
482 727 9
483 484 10
483 461 6
483 300 2
483 925 1
483 76 8
484 485 5
484 48 7
484 829 6
484 670 3
484 646 2
485 486 7
485 865 2
485 624 3
486 487 9
486 824 8
486 272 10
486 719 3
486 939 3
486 356 7
487 488 1
487 836 1
487 575 1
487 116 6
487 889 9
488 489 5
488 566 1
488 885 9
488 309 4
489 490 5
489 332 4
490 491 4
490 679 7
490 157 8
490 1 6
490 665 4
491 492 7
491 868 7
491 713 3
491 766 4
491 223 6
491 322 3
491 613 7
491 830 2
492 493 10
492 175 9
492 325 9
492 899 8
493 494 10
493 573 4
493 596 7
494 495 6
494 812 1
494 692 8
494 889 4
494 869 10
494 160 8
494 595 3
495 496 8
495 534 8
495 562 3
495 722 6
496 497 8
496 197 4
496 307 6
496 260 5
496 577 6
496 742 10
497 498 8
497 140 4
497 873 1
497 724 8
497 888 10
497 294 3
498 499 4
498 326 6
498 197 2
498 514 9
498 608 9
499 500 9
499 540 5
499 651 9
499 857 10
499 901 1
500 501 8
500 676 1
500 341 3
500 943 7
500 780 2
500 178 2
500 465 2
501 502 3
501 94 9
502 503 2
502 546 5
502 342 3
502 705 6
503 504 5
503 809 10
503 188 9
503 568 5
504 505 9
504 985 1
504 193 6
504 672 8
504 184 1
505 506 10
505 119 2
505 275 2
505 323 5
506 507 6
506 911 3
506 223 6
507 508 2
507 289 8
507 336 2
508 509 4
508 49 6
508 247 2
509 510 5
509 764 4
509 168 9
509 467 9
509 960 6
509 533 8
509 89 6
509 155 4
510 511 4
510 709 9
510 672 5
510 700 3
510 876 8
511 512 4
511 479 8
511 987 9
511 189 4
512 513 3
512 531 7
512 57 3
512 138 9
512 94 10
512 547 8
512 735 2
512 954 8
513 514 1
513 764 6
513 740 3
514 515 1
514 936 5
514 794 10
514 904 3
514 498 2
515 516 4
515 541 7
515 933 1
515 585 9
515 951 5
515 715 4
515 867 10
516 517 8
516 297 4
516 556 6
517 518 10
517 662 3
517 174 2
517 412 3
518 519 2
518 467 6
518 98 7
518 79 5
519 520 8
519 548 9
519 294 9
519 564 6
520 521 7
520 609 8
520 558 9
520 308 3
520 229 9
521 522 10
521 230 2
521 912 4
521 823 8
521 220 6
521 390 6
521 131 7
522 523 4
522 412 9
522 759 1
523 524 7
523 649 2
523 199 6
523 765 9
523 529 4
523 690 8
524 525 8
524 116 10
524 81 3
524 679 6
524 244 1
524 676 3
524 570 10
525 526 7
525 774 6
525 645 10
525 928 8
525 383 1
526 527 4
526 821 3
526 426 8
526 406 5
527 528 3
527 85 2
527 199 3
528 529 1
528 408 9
528 576 2
528 336 2
528 413 6
528 811 3
528 4 8
528 119 2
528 969 6
529 530 2
529 179 9
529 778 1
529 523 10
529 549 1
529 397 4
530 531 7
530 802 5
530 934 9
530 477 9
531 532 4
531 512 9
531 157 5
531 211 9
531 206 2
532 533 3
532 213 9
532 984 2
533 534 9
533 509 8
534 535 8
534 586 7
534 495 6
534 989 8
534 126 5
535 536 1
535 383 2
536 537 3
536 602 2
536 852 6
536 705 10
536 110 1
536 592 9
536 835 3
536 675 2
537 538 4
537 536 10
537 35 2
537 346 7
537 446 5
537 313 6
537 88 9
538 539 2
538 805 7
538 550 9
538 310 3
539 540 8
539 933 8
539 458 9
539 56 8
539 639 10
539 589 10
540 541 3
540 499 1
540 859 3
540 424 9
541 542 8
541 515 3
542 543 9
542 273 2
543 544 9
543 141 7
543 18 9
543 211 7
544 545 10
544 251 10
544 302 8
544 765 7
544 71 1
545 546 6
545 389 4
545 565 7
546 547 8
546 390 9
546 502 10
546 935 9
546 360 10
546 571 3
546 284 8
546 473 7
547 548 10
547 245 5
547 96 9
547 478 5
547 836 1
547 161 3
547 615 8
547 512 1
548 549 9
548 519 7
548 815 4
548 703 6
548 874 6
548 594 6
549 550 7
549 17 9
549 124 4
549 889 7
549 529 5
549 20 4
549 729 3
550 551 9
550 271 8
550 293 2
550 656 10
550 335 7
550 538 1
551 552 8
551 909 7
551 776 4
551 183 9
552 553 3
552 458 6
552 848 9
552 173 6
552 913 5
553 554 8
553 790 1
553 579 3
554 555 8
554 257 3
554 263 1
554 963 9
554 148 4
555 556 5
555 239 1
555 772 6
555 701 4
556 557 4
556 843 1
556 317 3
556 516 2
556 302 4
557 558 5
557 921 1
557 426 7
557 482 3
558 559 9
558 520 9
558 801 8
558 658 3
558 584 3
559 560 8
559 301 6
559 607 9
560 561 4
560 224 7
560 375 8
560 757 10
560 209 5
561 562 5
561 592 3
561 904 10
561 11 1
562 563 8
562 963 10
562 41 4
562 495 10
562 163 8
563 564 2
563 586 3
563 571 2
563 661 5
563 327 5
564 565 5
564 783 10
564 988 7
564 671 6
564 767 2
564 904 1
564 821 1
564 390 1
564 519 1
565 566 4
565 545 1
565 359 6
565 112 3
565 267 9
566 567 5
566 341 7
566 488 1
566 803 9
566 435 7
567 568 6
567 958 10
567 616 10
567 823 7
567 89 1
567 63 7
567 896 9
568 569 6
568 595 8
568 363 10
568 954 3
568 181 7
568 503 1
569 570 9
569 171 8
569 193 6
570 571 2
570 62 10
570 398 9
570 271 3
570 524 10
570 666 2
571 572 3
571 63 3
571 460 9
571 563 1
571 546 2
571 644 1
572 573 3
572 306 4
572 762 7
572 768 2
573 574 4
573 854 6
573 386 6
573 60 5
573 110 9
573 493 8
573 758 8
574 575 7
574 339 8
574 369 5
574 359 1
575 576 3
575 487 2
575 631 9
575 727 4
575 896 4
576 577 4
576 338 2
576 528 6
576 987 8
576 257 1
576 807 8
577 578 2
577 972 4
577 799 2
577 496 4
577 247 4
578 579 7
578 773 8
579 580 7
579 375 10
579 553 6
579 307 9
579 819 6
580 581 6
580 9 10
580 674 7
580 935 6
580 157 6
580 972 8
581 582 9
581 855 7
581 192 9
581 125 6
582 583 8
582 971 3
582 728 4
583 584 7
583 822 3
584 585 1
584 854 4
584 915 8
584 558 7
584 641 3
584 307 7
585 586 4
585 247 3
585 515 10
585 597 9
585 658 7
585 410 10
585 621 7
585 879 1
586 587 7
586 534 3
586 563 8
586 185 10
586 112 2
587 588 7
587 971 2
587 208 3
587 297 9
587 903 4
587 174 5
588 589 10
588 125 7
588 668 9
588 916 4
588 607 3
588 936 7
589 590 1
589 303 5
589 393 7
589 842 4
589 539 6
589 130 8
590 591 3
590 440 10
590 991 6
590 867 7
590 814 4
591 592 7
591 590 9
592 593 8
592 957 4
592 327 6
592 146 7
592 561 10
592 536 2
592 777 5
592 752 6
592 994 9
593 594 1
593 768 1
593 422 6
594 595 6
594 676 8
594 818 10
594 759 2
594 548 3
595 596 5
595 568 1
595 705 10
595 494 2
596 597 7
596 3 2
596 833 7
596 493 10
597 598 7
597 741 10
597 603 2
597 585 7
597 814 10
597 928 9
597 9 10
598 599 9
598 935 4
598 362 1
598 316 1
599 600 9
599 786 3
599 407 1
599 867 5
599 671 8
600 601 10
600 267 8
600 859 9
600 798 3
600 855 8
601 602 4
601 222 4
601 266 2
601 104 6
601 919 8
602 603 8
602 761 3
602 70 1
602 536 7
603 604 4
603 597 2
603 314 3
604 605 5
604 447 9
604 675 3
604 359 2
605 606 7
605 989 2
605 87 3
605 788 1
605 216 7
605 611 4
606 607 8
606 936 6
606 612 8
607 608 1
607 965 10
607 559 3
607 461 7
607 77 1
607 243 6
607 588 3
608 609 7
608 112 8
608 345 9
608 136 9
608 738 8
608 178 6
608 498 9
609 610 6
609 520 7
609 632 4
609 654 9
609 629 8
609 663 5
609 353 5
610 611 7
610 133 5
610 855 6
610 658 5
610 771 9
610 120 5
611 612 3
611 87 1
611 404 9
611 605 2
611 705 6
611 292 9
611 237 4
611 475 6
612 613 8
612 386 3
612 327 1
612 606 10
612 237 1
613 614 3
613 804 6
613 491 10
613 898 9
613 112 10
614 615 10
614 993 10
614 974 2
614 771 3
615 616 4
615 40 9
615 547 6
616 617 1
616 567 10
616 615 1
617 618 7
617 178 2
617 225 1
617 187 10
617 423 5
618 619 10
618 457 3
618 859 6
618 620 9
619 620 10
619 811 5
619 179 10
620 621 1
620 441 2
620 330 9
620 158 8
620 349 10
620 661 7
620 8 10
620 618 1
621 622 2
621 153 3
621 987 4
621 274 10
621 585 3
622 623 7
622 822 6
623 624 3
623 152 2
623 825 5
624 625 8
624 952 5
624 485 1
624 698 7
624 204 5
624 429 5
624 438 5
625 626 3
625 938 2
625 666 3
625 912 4
626 627 1
626 292 8
626 697 3
626 180 7
626 398 10
626 389 6
626 261 4
626 677 10
626 175 10
627 628 5
627 220 8
627 906 2
627 465 1
627 973 3
628 629 7
628 663 10
628 982 6
628 647 7
628 290 6
628 914 6
629 630 6
629 635 10
629 609 1
629 672 9
629 659 2
630 631 4
630 227 4
630 133 7
631 632 8
631 460 2
631 759 10
631 170 4
631 575 4
631 136 5
631 819 2
632 633 6
632 609 8
632 676 5
633 634 6
633 37 4
633 655 1
633 654 10
633 177 5
633 737 5
633 160 2
633 464 5
634 635 7
634 371 9
634 42 6
635 636 5
635 700 4
635 906 9
635 55 6
635 629 4
635 786 8
635 292 4
635 878 6
636 637 7
636 694 2
636 967 8
636 890 8
636 972 5
636 902 6
637 638 5
638 639 2
638 277 3
638 982 9
639 640 8
639 710 7
639 50 10
639 539 5
639 150 8
639 185 8
640 641 1
640 282 9
641 642 9
641 129 10
641 406 4
641 246 9
641 584 9
641 310 4
641 326 7
642 643 1
642 696 7
642 8 4
642 454 3
642 186 2
643 644 6
643 926 5
643 911 5
643 847 5
643 975 5
644 645 4
644 571 4
645 646 2
645 687 7
645 525 1
645 860 8
645 163 9
645 857 8
645 63 10
646 647 1
646 863 2
646 703 10
646 822 9
646 484 9
647 648 1
647 701 5
647 311 5
647 628 10
648 649 4
648 57 6
648 177 5
649 650 4
649 779 8
649 523 9
649 143 4
649 949 2
649 934 10
649 808 4
649 242 6
649 721 2
650 651 1
650 280 8
650 782 2
650 888 10
650 60 1
650 984 5
650 797 7
651 652 10
651 844 8
651 397 6
651 980 9
651 499 3
651 681 6
651 407 1
652 653 3
652 195 10
652 430 1
653 654 4
653 688 6
654 655 3
654 473 8
654 239 1
654 633 8
654 609 2
654 175 2
654 306 4
654 785 6
655 656 8
655 307 5
655 430 8
655 633 8
655 939 5
655 990 10
655 811 6
655 227 2
655 821 6
656 657 2
656 727 5
656 191 7
656 550 9
656 898 9
656 828 6
656 207 5
656 278 9
657 658 10
657 466 9
657 738 10
657 330 2
657 200 10
658 659 4
658 980 5
658 558 7
658 927 10
658 585 8
658 610 1
658 826 7
658 271 2
659 660 8
659 470 1
659 692 1
659 834 8
659 288 4
659 629 8
660 661 5
660 237 8
661 662 6
661 924 1
661 885 2
661 798 6
661 694 7
661 284 4
661 563 2
661 620 5
661 365 9
661 183 2
661 373 5
661 756 5
662 663 3
662 517 1
662 687 7
662 293 2
662 56 4
662 92 4
663 664 10
663 628 1
663 303 8
663 609 10
663 761 7
663 340 8
664 665 10
664 93 1
664 180 2
665 666 2
665 419 2
665 908 3
665 41 2
665 761 9
665 490 10
666 667 3
666 322 4
666 625 8
666 730 3
666 570 5
667 668 5
667 216 10
667 205 5
667 777 4
667 729 7
668 669 2
668 588 4
668 276 9
668 437 5
668 405 4
668 941 6
669 670 10
669 958 8
669 325 5
669 766 1
669 212 10
669 153 1
670 671 1
670 268 4
670 881 6
670 484 6
670 388 6
670 920 2
670 20 8
670 682 5
671 672 5
671 102 8
671 874 4
671 564 5
671 370 5
671 92 4
671 322 1
671 688 8
671 245 3
671 599 7
672 673 10
672 440 2
672 510 5
672 688 2
672 629 5
672 504 2
673 674 7
673 734 8
673 385 3
674 675 7
674 580 2
674 397 10
675 676 4
675 850 5
675 176 10
675 259 7
675 604 9
675 536 1
675 785 1
675 458 6
676 677 2
676 594 3
676 500 1
676 632 10
676 524 5
676 134 10
677 678 10
677 888 1
677 829 10
677 272 5
677 917 2
677 328 3
677 398 6
677 626 10
677 153 8
677 451 3
677 196 5
678 679 4
678 435 8
678 345 10
678 111 1
678 431 9
678 444 8
679 680 2
679 218 10
679 490 9
679 446 4
679 524 9
679 11 10
679 178 8
680 681 5
680 396 8
680 355 3
680 340 6
680 36 6
681 682 10
681 685 2
681 651 2
681 381 1
681 400 5
682 683 2
682 214 8
682 670 7
683 684 10
683 262 8
683 317 2
683 931 7
684 685 1
684 64 8
685 686 6
685 681 9
685 353 9
685 355 8
685 212 9
686 687 9
686 98 3
686 405 7
686 313 3
687 688 7
687 720 9
687 662 9
687 645 4
687 894 3
688 689 6
688 653 7
688 671 6
688 186 1
688 69 5
688 672 4
688 116 7
688 121 5
688 694 9
689 690 2
689 378 10
690 691 9
690 340 7
690 737 9
690 122 9
690 767 6
690 523 8
690 52 8
691 692 6
691 84 5
691 174 6
691 216 7
691 470 7
692 693 1
692 240 8
692 659 9
692 889 4
692 494 8
692 792 10
693 694 7
693 374 8
693 363 10
693 19 4
694 695 8
694 661 6
694 820 3
694 636 3
694 310 10
694 909 6
694 707 3
694 688 2
695 696 2
695 774 3
695 970 10
695 984 4
695 324 9
695 963 3
695 143 2
696 697 7
696 642 9
696 791 9
696 922 3
697 698 6
697 626 2
697 773 10
697 120 10
697 456 1
697 407 4
697 434 5
698 699 8
698 947 10
698 842 1
698 790 3
698 624 1
698 889 9
698 985 5
699 700 3
699 812 3
699 830 6
699 342 7
700 701 7
700 635 8
700 446 4
700 257 3
700 510 9
700 389 8
701 702 3
701 647 4
701 848 2
701 306 8
701 170 9
701 430 3
701 555 3
702 703 9
702 419 7
702 332 2
702 383 3
702 340 6
702 107 6
702 865 8
702 278 2
703 704 5
703 102 9
703 111 8
703 827 10
703 646 2
703 548 8
703 712 5
703 765 1
703 806 10
703 742 8
703 235 2
703 117 6
704 705 10
704 354 3
704 27 6
705 706 9
705 595 4
705 956 8
705 536 2
705 945 8
705 611 3
705 799 8
705 502 8
706 707 8
706 932 3
706 752 3
706 324 1
706 22 6
706 317 3
706 116 8
707 708 8
707 380 4
707 852 9
707 455 6
707 119 7
707 694 6
708 709 7
708 804 5
709 710 10
709 510 6
709 130 4
709 39 10
710 711 5
710 639 2
710 256 6
710 900 6
711 712 6
711 171 1
711 136 8
711 232 5
711 257 7
711 827 5
712 713 4
712 703 1
712 716 1
712 881 5
713 714 2
713 852 3
713 491 3
713 279 3
713 352 2
713 136 3
713 215 10
714 715 5
714 250 5
714 420 9
714 475 6
714 173 9
715 716 8
715 245 10
715 515 3
715 969 10
716 717 4
716 448 4
716 712 7
717 718 8
717 940 6
717 338 7
718 719 10
718 66 9
718 918 6
718 852 6
718 869 2
718 430 6
719 720 10
719 434 2
719 486 4
719 864 6
720 721 7
720 687 2
720 176 2
720 849 2
721 722 6
721 420 5
721 992 9
721 1 6
721 896 3
721 649 1
722 723 1
722 5 4
722 966 10
722 495 2
723 724 8
724 725 6
724 497 9
724 117 6
725 726 3
725 254 8
725 879 8
725 155 1
725 13 1
725 179 10
725 36 6
726 727 8
726 814 10
726 298 4
727 728 4
727 656 7
727 67 9
727 729 6
727 319 7
727 33 5
727 575 3
727 482 9
728 729 6
728 861 8
728 882 7
728 582 3
729 730 5
729 867 9
729 727 3
729 287 2
729 94 6
729 667 1
729 755 9
729 987 10
729 549 5
730 731 6
730 333 7
730 758 7
730 666 6
730 919 8
730 788 7
731 732 5
731 397 2
731 777 9
732 733 10
732 838 6
733 734 5
733 755 7
733 266 2
734 735 9
734 65 1
734 673 6
734 152 6
735 736 1
735 182 6
735 842 2
735 471 1
735 837 2
735 512 10
736 737 9
736 248 5
736 191 1
736 73 1
736 751 2
736 938 6
737 738 4
737 690 7
737 633 2
737 900 2
738 739 2
738 428 5
738 144 8
738 657 2
738 324 8
738 321 7
738 608 4
738 469 6
739 740 4
739 449 1
739 234 10
739 815 5
739 907 8
739 807 7
739 456 10
740 741 7
740 148 7
740 360 3
740 513 2
741 742 8
741 757 3
741 597 1
741 23 7
741 77 5
742 743 9
742 850 4
742 842 8
742 703 6
742 39 7
742 138 5
742 496 5
742 406 10
742 211 8
743 744 4
743 795 5
743 237 9
743 225 5
744 745 8
744 290 10
744 203 8
744 850 9
744 846 10
745 746 8
745 803 9
745 982 3
745 44 10
745 933 2
745 804 10
746 747 8
746 131 1
746 467 10
746 241 5
746 910 8
746 826 7
747 748 1
747 182 10
747 276 10
748 749 9
748 426 6
748 394 6
748 90 9
748 439 4
749 750 5
749 383 1
749 178 2
749 828 10
749 868 9
749 748 5
750 751 4
750 374 2
750 165 9
750 332 5
751 752 7
751 736 2
751 895 9
752 753 4
752 706 5
752 217 10
752 908 2
752 389 1
752 80 6
752 340 7
752 592 1
753 754 5
753 775 6
753 790 2
753 406 9
754 755 10
754 850 4
754 50 9
754 38 8
755 756 6
755 37 10
755 729 4
755 205 4
755 733 7
756 757 8
756 30 4
756 831 6
756 870 2
756 35 4
756 869 4
756 829 1
756 661 1
757 758 9
757 741 1
757 119 2
757 560 4
757 994 9
758 759 9
758 399 6
758 730 5
758 116 4
758 215 4
758 573 4
759 760 6
759 146 2
759 631 4
759 251 7
759 522 1
759 132 9
759 594 4
759 107 9
760 761 7
760 150 1
760 767 4
760 855 10
761 762 9
761 602 7
761 792 8
761 663 9
761 665 5
761 962 10
761 951 9
762 763 6
762 786 10
762 572 6
763 764 6
763 326 7
763 229 7
763 343 5
763 772 6
764 765 8
764 509 5
764 117 8
764 513 1
764 80 4
764 51 9
764 775 1
765 766 5
765 93 7
765 892 6
765 544 4
765 441 3
765 523 9
765 703 3
765 401 9
766 767 5
766 17 6
766 491 4
766 194 5
766 998 10
766 669 10
767 768 5
767 960 1
767 564 4
767 760 6
767 690 2
768 769 4
768 572 7
768 593 6
769 770 2
769 986 1
769 193 3
769 274 5
770 771 4
770 77 6
770 872 8
771 772 6
771 841 7
771 286 10
771 144 10
771 155 2
771 121 2
771 610 10
771 423 7
771 614 9
772 773 2
772 274 6
772 555 1
772 13 7
772 763 4
773 774 9
773 990 4
773 162 1
773 578 10
773 697 2
773 885 1
773 189 8
774 775 3
774 695 2
774 525 2
774 148 4
774 925 3
775 776 4
775 753 3
775 24 5
775 995 4
775 764 10
776 777 4
776 551 4
776 973 3
776 854 9
776 111 1
776 210 2
777 778 8
777 667 3
777 438 9
777 592 4
777 731 2
778 779 5
778 529 6
779 780 10
779 649 2
779 816 4
780 781 9
780 824 9
780 815 5
780 864 7
780 361 9
780 500 4
781 782 10
782 783 5
782 164 8
782 842 8
782 650 5
782 935 3
783 784 2
783 413 6
783 564 5
783 7 1
783 163 8
784 785 4
784 86 2
784 327 7
784 260 1
784 123 8
785 786 5
785 971 4
785 959 1
785 239 2
785 654 10
785 385 5
785 675 5
786 787 4
786 998 10
786 141 5
786 599 4
786 762 10
786 635 10
787 788 6
787 187 7
787 96 6
787 357 10
788 789 3
788 473 7
788 421 10
788 139 7
788 255 6
788 605 4
788 730 1
789 790 5
789 978 1
789 200 9
790 791 1
790 553 9
790 296 4
790 698 1
790 922 1
790 395 4
790 753 9
790 92 4
791 792 9
791 88 5
791 696 10
791 914 8
791 23 9
792 793 3
792 761 9
792 795 4
792 692 4
793 794 5
793 152 10
793 114 9
793 53 5
793 353 3
793 969 8
793 445 3
793 848 5
794 795 1
794 419 10
794 862 7
794 514 8
794 275 6
794 368 8
795 796 1
795 330 7
795 792 9
795 743 4
795 985 8
795 273 2
795 43 10
795 336 3
796 797 9
796 64 7
796 457 1
797 798 5
797 460 9
797 650 1
797 386 1
798 799 3
798 661 6
798 87 9
798 292 5
798 193 2
798 600 9
798 12 8
798 236 6
798 382 7
799 800 8
799 577 5
799 81 6
799 705 3
800 801 2
800 139 10
800 944 3
800 292 6
801 802 1
801 392 8
801 558 6
801 228 4
802 803 10
802 530 3
802 458 2
802 268 8
803 804 5
803 745 5
803 566 8
804 805 8
804 613 7
804 312 10
804 408 8
804 117 8
804 708 4
804 384 4
804 442 10
804 745 5
805 806 8
805 538 6
805 320 6
806 807 8
806 52 4
806 129 4
806 366 4
806 263 1
806 70 3
806 703 5
806 404 3
807 808 6
807 576 3
807 351 9
807 739 1
808 809 3
808 452 1
808 909 6
808 980 9
808 649 4
808 916 7
809 810 1
809 54 2
809 387 2
809 503 9
809 206 5
809 161 3
809 893 6
809 267 4
810 811 5
810 93 1
810 303 10
810 38 9
810 70 5
811 812 8
811 323 4
811 655 8
811 528 2
811 619 10
811 110 3
811 28 3
812 813 2
812 699 3
812 143 4
812 494 10
812 171 9
813 814 2
813 838 5
813 841 8
814 815 7
814 348 9
814 258 9
814 597 3
814 726 1
814 590 2
815 816 8
815 739 5
815 407 2
815 780 4
815 548 7
816 817 2
816 989 2
816 779 3
817 818 10
817 449 2
817 238 3
818 819 1
818 253 2
818 594 5
818 984 5
819 820 3
819 105 3
819 26 9
819 186 1
819 631 4
819 579 8
820 821 3
820 694 4
820 324 7
820 983 3
820 377 4
821 822 10
821 176 8
821 274 7
821 526 1
821 9 4
821 369 7
821 564 10
821 655 1
822 823 5
822 622 4
822 646 1
822 583 8
823 824 2
823 567 4
823 521 8
823 454 5
824 825 4
824 486 9
824 780 10
824 390 8
824 242 9
824 208 7
825 826 2
825 251 5
825 623 5
825 464 3
825 233 8
825 914 8
825 912 8
826 827 9
826 963 3
826 207 6
826 10 3
826 658 8
826 746 7
827 828 7
827 232 9
827 440 5
827 703 5
827 711 5
827 6 10
828 829 10
828 324 7
828 656 7
828 749 7
828 185 10
829 830 10
829 57 8
829 677 7
829 484 9
829 756 10
830 831 10
830 931 4
830 699 6
830 491 8
831 832 4
831 106 2
831 756 10
831 918 1
831 425 2
831 856 7
832 833 9
832 283 5
833 834 7
833 179 1
833 596 10
834 835 8
834 659 3
834 212 1
834 464 2
834 221 8
835 836 8
835 259 5
835 180 7
835 351 3
835 536 6
836 837 5
836 487 6
836 547 4
836 195 6
837 838 10
837 205 10
837 462 6
837 4 4
837 413 2
837 735 4
837 223 10
838 839 7
838 813 5
838 947 4
838 732 2
839 840 5
839 869 7
839 397 4
840 841 10
840 267 1
841 842 10
841 771 2
841 813 2
842 843 1
842 698 4
842 782 8
842 742 7
842 735 7
842 589 5
842 405 8
842 961 9
842 100 3
842 957 8
843 844 10
843 391 2
843 556 8
844 845 2
844 651 5
844 203 6
844 47 5
844 149 8
845 846 4
845 469 6
846 847 4
846 885 1
846 278 10
846 373 4
846 744 6
847 848 5
847 860 10
847 643 6
848 849 2
848 348 7
848 552 5
848 701 1
848 2 7
848 793 8
849 850 3
849 64 9
849 720 7
849 13 2
850 851 4
850 675 7
850 71 4
850 742 1
850 754 5
850 744 10
850 475 2
850 463 4
851 852 3
851 448 2
851 429 9
851 421 10
852 853 9
852 94 2
852 707 9
852 186 3
852 713 8
852 119 6
852 718 6
852 536 4
852 889 9
852 193 9
853 854 2
853 191 5
854 855 3
854 573 2
854 584 8
854 776 4
854 339 8
855 856 1
855 581 9
855 610 5
855 259 4
855 760 5
855 208 10
855 312 2
855 971 9
855 600 5
856 857 7
856 926 6
856 395 8
856 107 4
856 961 3
856 831 6
856 143 10
857 858 8
857 407 8
857 645 10
857 499 2
858 859 10
858 276 10
858 60 4
858 916 5
858 474 5
859 860 8
859 600 8
859 540 1
859 618 5
860 861 5
860 958 3
860 847 9
860 645 2
860 326 1
861 862 1
861 728 8
861 369 3
861 428 3
862 863 4
862 794 3
862 84 3
862 918 7
862 471 5
862 226 8
863 864 5
863 346 1
863 646 4
864 865 5
864 780 8
864 288 2
864 719 9
864 83 1
865 866 8
865 448 4
865 303 9
865 485 5
865 466 6
865 980 10
865 702 8
866 867 2
866 896 2
866 468 4
866 445 6
866 381 7
866 266 3
867 868 4
867 991 6
867 729 2
867 81 5
867 590 6
867 599 1
867 515 8
867 473 5
868 869 5
868 491 7
868 111 6
868 380 2
868 414 5
868 749 4
869 870 10
869 972 2
869 894 3
869 839 8
869 718 6
869 494 6
869 756 10
870 871 4
870 147 8
870 247 5
870 24 2
870 756 5
870 481 8
870 929 2
871 872 7
872 873 2
872 401 1
872 121 8
872 770 9
873 874 9
873 337 9
873 497 6
873 123 2
873 10 3
873 397 8
874 875 4
874 394 2
874 671 9
874 548 2
875 876 3
875 167 4
875 411 5
876 877 5
876 268 7
876 885 2
876 510 9
877 878 3
877 240 1
877 391 4
877 89 3
878 879 2
878 334 9
878 227 4
878 91 8
878 635 10
879 880 1
879 725 3
879 998 2
879 264 1
879 585 10
880 881 3
880 284 3
880 884 1
881 882 5
881 670 2
881 223 2
881 712 6
882 883 10
882 728 10
882 918 10
882 113 1
883 884 10
883 407 7
883 366 6
883 321 6
883 357 8
883 284 5
883 266 3
883 222 10
884 885 5
884 880 4
884 324 2
884 30 8
885 886 8
885 331 3
885 661 10
885 846 2
885 773 3
885 876 4
885 488 8
886 887 2
886 21 8
886 111 1
887 888 8
887 121 4
887 290 5
888 889 5
888 677 3
888 284 3
888 650 10
888 497 9
889 890 7
889 923 8
889 549 6
889 698 7
889 692 9
889 494 3
889 360 4
889 852 10
889 953 4
889 905 7
889 487 6
890 891 5
890 996 3
890 636 4
890 167 3
890 265 8
891 892 9
891 205 7
892 893 9
892 765 2
893 894 8
893 90 6
893 809 8
894 895 8
894 257 1
894 869 1
894 272 4
894 687 3
894 331 5
895 896 2
895 363 1
895 41 4
895 33 4
895 751 5
896 897 10
896 866 8
896 381 9
896 34 8
896 163 2
896 567 3
896 721 7
896 575 2
897 898 1
898 899 7
898 995 6
898 656 5
898 613 7
899 900 6
899 293 1
899 492 8
899 252 9
900 901 10
900 132 10
900 275 6
900 737 5
900 397 1
900 710 3
901 902 5
901 357 7
901 499 2
902 903 1
902 636 1
903 904 2
903 388 6
903 587 8
904 905 4
904 428 1
904 564 8
904 330 9
904 514 8
904 561 5
905 906 10
905 889 4
906 907 10
906 635 6
906 627 2
906 914 2
907 908 1
907 380 6
907 739 7
907 87 4
908 909 5
908 43 6
908 665 2
908 752 2
908 226 10
909 910 10
909 551 3
909 808 6
909 694 1
909 456 6
909 54 4
909 253 7
909 291 7
910 911 1
910 746 7
911 912 3
911 410 8
911 643 9
911 506 9
911 13 6
911 406 4
911 200 9
911 81 7
911 376 4
911 48 2
912 913 8
912 445 3
912 521 9
912 139 1
912 625 2
912 825 1
912 56 3
913 914 9
913 298 3
913 392 8
913 552 4
914 915 8
914 791 8
914 20 9
914 825 4
914 628 9
914 950 10
914 906 8
915 916 5
915 584 3
915 395 9
916 917 3
916 958 8
916 588 2
916 858 2
916 808 10
917 918 10
917 946 2
917 677 5
917 434 6
918 919 7
918 405 6
918 718 8
918 831 5
918 862 5
918 344 8
918 882 5
918 114 3
918 110 6
918 297 10
919 920 8
919 382 1
919 169 8
919 601 1
919 350 3
919 730 4
920 921 2
920 965 6
920 670 9
920 378 2
920 362 9
920 136 3
921 922 8
921 76 6
921 557 10
922 923 6
922 696 2
922 790 6
922 59 10
922 300 8
923 924 7
923 295 9
923 889 10
924 925 6
924 661 6
924 351 6
925 926 6
925 323 9
925 483 2
925 774 1
926 927 2
926 643 1
926 856 4
926 55 9
927 928 3
927 95 2
927 658 10
928 929 6
928 461 3
928 423 3
928 597 1
928 525 10
929 930 7
929 429 7
929 114 10
929 870 2
930 931 8
931 932 5
931 830 10
931 356 8
931 441 10
931 683 6
932 933 7
932 303 6
932 706 5
933 934 9
933 539 1
933 515 2
933 745 2
934 935 1
934 136 3
934 649 6
934 530 6
935 936 8
935 598 3
935 546 6
935 580 9
935 782 6
935 344 10
935 373 7
936 937 2
936 514 3
936 264 5
936 606 1
936 217 8
936 95 8
936 588 1
937 938 6
937 60 9
937 249 10
937 209 6
938 939 5
938 625 4
938 407 9
938 391 7
938 736 2
939 940 6
939 359 5
939 655 6
939 189 1
939 486 1
940 941 2
940 80 2
940 470 10
940 162 6
940 717 6
940 100 6
941 942 7
941 99 9
941 668 5
942 943 9
942 44 4
942 422 10
942 93 9
942 56 9
943 944 1
943 154 3
943 500 2
943 81 8
943 90 1
943 125 7
944 945 9
944 238 9
944 800 10
944 349 2
945 946 8
945 185 9
945 705 8
945 998 10
945 284 7
946 947 7
946 917 5
947 948 1
947 698 10
947 355 5
947 173 7
947 838 4
948 949 4
949 950 9
949 649 10
949 391 7
950 951 6
950 978 8
950 133 10
950 914 3
951 952 10
951 110 5
951 158 10
951 515 2
951 761 1
951 206 10
951 222 8
951 328 3
952 953 8
952 624 1
952 184 1
952 128 8
953 954 8
953 124 4
953 414 10
953 889 2
954 955 1
954 102 6
954 336 6
954 568 8
954 993 1
954 512 3
955 956 4
955 117 4
955 7 1
956 957 5
956 467 4
956 705 6
956 68 7
957 958 9
957 592 6
957 842 3
958 959 3
958 669 8
958 916 2
958 567 10
958 860 3
958 279 9
959 960 5
959 785 4
960 961 8
960 767 5
960 194 1
960 195 2
960 509 3
961 962 8
961 856 3
961 842 3
962 963 2
962 418 1
962 368 1
962 761 10
963 964 1
963 562 9
963 826 2
963 554 1
963 695 9
964 965 10
964 971 5
965 966 4
965 607 3
965 44 1
965 920 2
966 967 3
966 442 10
966 722 5
967 968 5
967 258 8
967 208 3
967 636 2
968 969 9
969 970 1
969 47 5
969 227 1
969 793 3
969 715 9
969 528 1
970 971 9
970 695 8
970 88 5
971 972 7
971 785 8
971 964 9
971 587 4
971 582 10
971 238 3
971 855 6
972 973 2
972 869 8
972 47 5
972 406 6
972 577 8
972 172 4
972 580 3
972 636 3
972 287 4
973 974 4
973 393 1
973 776 8
973 153 9
973 627 7
974 975 2
974 456 6
974 185 6
974 466 6
974 344 1
974 423 4
974 614 2
975 976 8
975 182 8
975 415 8
975 339 6
975 643 1
976 977 2
976 28 4
977 978 3
977 157 8
977 411 2
978 979 8
978 325 8
978 789 2
978 950 10
979 980 5
979 230 9
979 316 2
980 981 9
980 651 5
980 658 8
980 322 8
980 311 4
980 808 6
980 226 9
980 995 9
980 264 9
980 865 7
980 982 2
980 171 10
981 982 5
981 155 8
982 983 7
982 745 4
982 250 6
982 628 6
982 638 9
982 980 2
983 984 8
983 416 8
983 820 8
983 407 1
984 985 8
984 117 1
984 75 6
984 650 3
984 532 2
984 695 10
984 208 1
984 30 3
984 818 5
985 986 4
985 213 10
985 504 3
985 795 8
985 698 6
985 369 8
986 987 8
986 769 7
986 178 9
987 988 9
987 480 3
987 576 9
987 511 1
987 408 5
987 729 1
987 621 8
988 989 3
988 38 3
988 564 3
989 990 7
989 605 6
989 816 7
989 429 8
989 534 7
990 991 4
990 773 7
990 469 9
990 655 6
991 992 10
991 867 9
991 590 4
992 993 9
992 295 10
992 427 9
992 327 5
992 440 4
992 721 5
993 994 3
993 407 1
993 171 7
993 614 1
993 139 3
993 44 10
993 954 1
993 153 5
993 427 3
994 995 2
994 437 10
994 592 4
994 757 9
994 69 10
995 996 5
995 898 9
995 775 10
995 980 9
995 381 1
996 997 7
996 890 4
996 191 5
997 998 6
997 180 3
998 999 9
998 786 10
998 348 8
998 879 9
998 766 2
998 308 6
998 945 8
999 1000 5
999 370 2
999 409 3
999 100 7
999 140 2
999 277 4
999 167 9
1000 1 1
1000 124 9
1000 466 8
